5 0.05 100
5 0.1 100
5 0.15 100
5 0.2 100
5 0.25 100
5 0.3 100
5 0.35 100
5 0.4 100
5 0.45 98
5 0.5 95
5 0.55 72
5 0.6 41
5 0.65 18
5 0.7 7
5 0.75 1
5 0.8 0
5 0.85 0
5 0.9 0
5 0.95 0
5 1.0 0
10 0.05 100
10 0.1 100
10 0.15 100
10 0.2 100
10 0.25 100
10 0.3 100
10 0.35 100
10 0.4 100
10 0.45 100
10 0.5 94
10 0.55 78
10 0.6 34
10 0.65 3
10 0.7 0
10 0.75 0
10 0.8 0
10 0.85 0
10 0.9 0
10 0.95 0
10 1.0 0
25 0.05 100
25 0.1 100
25 0.15 100
25 0.2 100
25 0.25 100
25 0.3 100
25 0.35 100
25 0.4 100
25 0.45 100
25 0.5 100
25 0.55 100
25 0.6 95
25 0.65 74
25 0.7 26
25 0.75 2
25 0.8 0
25 0.85 0
25 0.9 0
25 0.95 0
25 1.0 0
50 0.05 100
50 0.1 100
50 0.15 100
50 0.2 100
50 0.25 100
50 0.3 100
50 0.35 100
50 0.4 100
50 0.45 100
50 0.5 100
50 0.55 100
50 0.6 100
50 0.65 100
50 0.7 99
50 0.75 68
50 0.8 8
50 0.85 0
50 0.9 0
50 0.95 0
50 1.0 0

